***********************************************************************
************************* ROCKET3  SIMULATION *************************
***********************************************************************
******************* CADAC2 FAMILY OF 3 DOF SIMULATIONS ****************
***********************************************************************
***********************************************************************

VERSION 1.0 (20 APR 2000)

TYPE:		Three Stage Rocket

FEATURES:	3 DOF
			Spherical earth
			Axial and normal force from subsonic to hypersonic speeds
			Three stage liquid rocket motors
			Open loop control with angle of attack
			ISO 62 Atmosphere and tabular atmosphere option

EXECUTION:	Compile MODULE.FOR with CADX3.FOR and UTL3.FOR
			Execute with files CADIN.ASC and HEAD.ASC present in curent
			directory
			Plot results of output TRAJ.ASC with KPLOT utility.

REFERENCE:	(1) Zipfel, Peter H, "Modeling and Simulation of Aerospace 
			Vehicle Dynamics", AIAA Education Series, American Insitute
			 of Aeronautics and Astronautics, 1801 Alexander Bell Drive,
			Reston, VA 20191, www.aiaa.org.  

************************************************************************
*************************** TEST CASE **********************************
************************************************************************

*************************** INLAUNCH.ASC **********************************

 INLAUNCH.ASC:ROCKET3 LAUNCH  19-APR-2000
 TIME    BALT    BLON    BLAT    VMACH   DVBI    PDYNMC  ALPHAX  THTVGX  PSIVGX  THRTL   THRUSTX FD      VMASS   FUEL
     0.0      1.    4.88    0.50    0.00      0.      0.    0.00    90.0    90.0    1.00      0.      0.  10800.      0.
     0.0      1.   -1.41    0.50    0.00    409.      1.    0.00    90.0  -177.1    1.00    249.      0.  10799.   6199.
     5.0    183.   -1.41    0.50    0.21    414.   2933.    0.00    88.4  -172.4    1.00    250.   1394.  10330.   5730.
    10.0    707.   -1.41    0.50    0.43    432.  11805.    0.00    87.4  -171.5    1.00    253.   6203.   9860.   5260.
    15.0   1625.   -1.41    0.50    0.66    472.  25571.   -5.50    80.2   167.3    1.00    258.  16185.   9390.   4790.
    20.0   2905.   -1.41    0.50    0.92    534.  42282.   -5.50    72.6   159.3    1.00    264.  28403.   8920.   4320.
    25.0   4522.   -1.41    0.50    1.21    616.  59254.   -5.50    64.7   154.5    1.00    271.  41724.   8450.   3850.
    30.0   6412.   -1.41    0.50    1.54    713.  74186.   -5.50    56.8   151.0    1.00    277.  54013.   7980.   3380.
    35.0   8554.   -1.41    0.50    1.93    824.  85182.   -5.50    49.2   148.3    1.00    283.  63051.   7510.   2910.
    40.0  10856.   -1.41    0.50    2.38    950.  91851.   -5.50    42.0   146.2    1.00    288.  67512.   7040.   2440.
 TIME    BALT    BLON    BLAT    VMACH   DVBI    PDYNMC  ALPHAX  THTVGX  PSIVGX  THRTL   THRUSTX FD      VMASS   FUEL
    45.0  13251.   -1.41    0.49    2.84   1092.  89666.   -5.50    35.4   144.5    1.00    292.  63768.   6570.   1970.
    50.0  15696.   -1.40    0.49    3.37   1257.  85866.   -5.50    29.7   143.1    1.00    294.  57073.   6100.   1500.
    55.0  18154.   -1.40    0.49    3.99   1447.  81776.   -5.50    24.7   142.0    1.00    296.  48287.   5630.   1030.
    60.0  20580.   -1.40    0.49    4.72   1667.  78047.   -5.50    20.3   141.1    1.00    297.  37967.   5160.    560.
    65.0  22936.   -1.40    0.49    5.58   1924.  75158.   -5.50    16.4   140.3    1.00    298.  26860.   4690.     90.
    70.0  25256.   -1.40    0.49    6.29   2131.  66110.    0.00    14.6   140.2    1.00    132.   2161.   3080.   1580.
    75.0  27614.   -1.40    0.49    6.98   2335.  56224.    0.00    13.3   140.3    1.00    132.   1595.   2930.   1430.
    80.0  30006.   -1.40    0.49    7.72   2553.  47196.    0.00    12.2   140.4    1.00    132.   1162.   2780.   1280.
    85.0  32424.   -1.40    0.49    8.52   2786.  39187.    0.00    11.2   140.4    1.00    133.    844.   2630.   1130.
    90.0  34866.   -1.40    0.49    9.36   3034.  32226.    0.00    10.3   140.5    1.00    133.    618.   2480.    980.
    95.0  37327.   -1.40    0.48   10.27   3300.  26294.    0.00     9.5   140.6    1.00    133.    464.   2330.    830.
 TIME    BALT    BLON    BLAT    VMACH   DVBI    PDYNMC  ALPHAX  THTVGX  PSIVGX  THRTL   THRUSTX FD      VMASS   FUEL
   100.0  39838.   -1.39    0.48   11.24   3586.  21203.    0.00     8.8   140.6    1.00    133.    359.   2180.    680.
   105.0  42385.   -1.39    0.48   12.29   3893.  16952.    0.00     8.1   140.7    1.00    133.    290.   2030.    530.
   110.0  44965.   -1.39    0.48   13.41   4225.  13453.    0.00     7.6   140.8    1.00    133.    243.   1881.    381.
   115.0  47617.   -1.39    0.48   14.64   4586.  10551.    0.00     7.2   140.9    1.00    133.    210.   1731.    231.
   120.0  50352.   -1.38    0.47   15.98   4981.   8169.    0.00     6.8   140.9    1.00    133.    182.   1581.     81.
   125.0  53148.   -1.38    0.47   16.93   5259.   5896.    0.00     6.5   141.0    1.00     53.     59.    985.    565.
   130.0  55961.   -1.38    0.47   17.86   5531.   4210.    0.00     6.2   141.1    1.00     53.     42.    910.    490.
   135.0  58803.   -1.38    0.46   18.86   5829.   3002.    0.00     5.9   141.2    1.00     53.     30.    835.    415.
   140.0  61703.   -1.37    0.46   19.97   6155.   2130.    0.00     5.7   141.3    1.00     53.     21.    760.    340.
   145.0  64661.   -1.37    0.46   21.20   6516.   1505.    0.00     5.6   141.4    1.00     53.     15.    685.    265.
   150.0  67767.   -1.37    0.45   22.57   6919.   1045.    0.00     5.4   141.5    1.00     53.     10.    610.    190.
 TIME    BALT    BLON    BLAT    VMACH   DVBI    PDYNMC  ALPHAX  THTVGX  PSIVGX  THRTL   THRUSTX FD      VMASS   FUEL
   155.0  71005.   -1.36    0.45   24.12   7376.    717.    0.00     5.4   141.7    1.00     53.      7.    535.    115.
   160.0  74445.   -1.36    0.44   25.91   7903.    481.    0.00     5.4   141.8    1.00     53.      5.    460.     40.
   165.0  78122.   -1.35    0.44   26.98   8217.    292.    0.00     5.4   141.9    1.00      0.      3.    420.      0.
   170.0  81852.   -1.35    0.43   26.96   8213.    162.    0.00     5.4   142.0    1.00      0.      2.    420.      0.
   175.0  85613.   -1.35    0.43   26.95   8208.     89.    0.00     5.4   142.1    1.00      0.      1.    420.      0.
   180.0  89388.   -1.34    0.42   26.93   8204.     49.    0.00     5.5   142.3    1.00      0.      0.    420.      0.
   185.0  93192.   -1.34    0.42   26.92   8200.     27.    0.00     5.5   142.4    1.00      0.      0.    420.      0.
   190.0  97029.   -1.33    0.41   26.90   8195.     15.    0.00     5.5   142.5    1.00      0.      0.    420.      0.
   195.0 100848.   -1.33    0.41   26.89   8191.      8.    0.00     5.6   142.6    1.00      0.      0.    420.      0.
   200.0 104683.   -1.33    0.41   26.87   8186.      4.    0.00     5.6   142.7    1.00      0.      0.    420.      0.
   200.0 104691.   -1.33    0.41   26.87   8186.      4.    0.00     5.6   142.7    1.00      0.      0.    420.      0.
 FLT TIME =   200.     CRIT VAR =   0.00     RUN   1 OF   0 RUNS  IN  GROUP  1

Press any key to continue



