***********************************************************************
************************* GHAME3  SIMULATION **************************
***********************************************************************
******************* CADAC2 FAMILY OF 3 DOF SIMULATIONS ****************
***********************************************************************
***********************************************************************

VERSION 1.0 (19 APR 2000)

TYPE:		NASA Hypersonic Vehicle

FEATURES:	3 DOF
			Spherical earth
			Drag polar from subsonic to hypersonic speeds
			Open loop control with angle of attack and bank angle
			Autothrottle
			ISO 62 Atmosphere and tabular atmosphere option

EXECUTION:	Compile MODULE.FOR with CADX3.FOR and UTL3.FOR
			Execute with files CADIN.ASC and HEAD.ASC present in curent
			directory
			Plot results of output TRAJ.ASC with KPLOT utility.

REFERENCE:	(1) Zipfel, Peter H, "Modeling and Simulation of Aerospace 
			Vehicle Dynamics", AIAA Education Series, American Insitute
			 of Aeronautics and Astronautics, 1801 Alexander Bell Drive,
			Reston, VA 20191, www.aiaa.org.  

			(2) "Handbook of Intelligent Control", Chapter 11 "Flight
			Propulsion, and Thermal Control of Advanced Aircraft and
			Hypersonic Vehicles", Edited by D.A.White and D.A. Sofge,
			Van Nostrand Reinhold,New York, NY, 1992

************************************************************************
*************************** TEST CASE **********************************
************************************************************************

*************************** INPUT.ASC **********************************

 INPUT.ASC:GHAME3,2-PHASED CLIMB  19-APR-2000
 TIME    BALT    VMACH   PDYNMC  THTVGX  PSIVGX  ALPHAX  THRTL   THRUSTX FMASSR  CA      SPI     CL      CD      CLOVERCD
     0.0   3000.    0.00      0.     0.0    90.0    7.00    0.20      0.      0.    0.00      0.   0.000   0.000   0.000
     0.0   3000.    0.76  28401.     0.0    90.0    7.00    0.20    239.  81646.    0.49   1351.   0.178   0.048   3.716
     2.0   3013.    0.74  26588.     4.9    90.0    7.00    0.20    247.  81609.    0.52   1351.   0.178   0.047   3.783
     4.0   3057.    0.71  24632.     9.3    90.0    7.00    0.20    252.  81572.    0.56   1352.   0.177   0.046   3.857
     6.0   3177.    0.68  22509.    13.2    90.1    7.00    0.20    255.  81533.    0.59   1352.   0.177   0.045   3.934
     8.0   3294.    0.66  20467.    16.5    90.1    7.00    0.20    256.  81495.    0.63   1353.   0.176   0.044   4.017
    10.0   3408.    0.63  18534.    19.3    90.1    7.00    0.20    257.  81456.    0.67   1354.   0.176   0.043   4.103
    12.0   3542.    0.87  34435.    17.7    90.1    2.50    2.00   5537.  81154.    0.34   4180.   0.038   0.045   0.848
    14.0   3709.    1.03  47289.    17.9    90.1    2.50    1.87   4747.  80893.    0.28   3998.   0.057   0.078   0.734
    16.0   3910.    1.06  49242.    19.2    90.1    2.50    1.39   3043.  80701.    0.28   3484.   0.058   0.083   0.699
 TIME    BALT    VMACH   PDYNMC  THTVGX  PSIVGX  ALPHAX  THRTL   THRUSTX FMASSR  CA      SPI     CL      CD      CLOVERCD
    18.0   4175.    1.08  49217.    20.3    90.2    2.50    1.42   3072.  80523.    0.28   3512.   0.057   0.083   0.681
    20.0   4440.    1.10  49197.    21.4    90.2    2.50    1.45   3097.  80345.    0.27   3538.   0.055   0.083   0.663
    22.0   4719.    1.12  49153.    22.4    90.2    2.50    1.50   3149.  80166.    0.27   3577.   0.053   0.083   0.644
    24.0   5012.    1.14  49133.    23.3    90.2    2.50    1.53   3177.  79986.    0.27   3606.   0.052   0.083   0.623
    26.0   5305.    1.16  49123.    24.0    90.2    2.50    1.56   3193.  79807.    0.27   3631.   0.050   0.083   0.602
    28.0   5601.    1.19  49110.    24.7    90.2    2.50    1.60   3216.  79628.    0.27   3660.   0.048   0.082   0.579
    30.0   5898.    1.21  49101.    25.2    90.2    2.50    1.63   3235.  79448.    0.27   3678.   0.046   0.082   0.562
    32.0   6197.    1.24  49094.    25.7    90.3    2.50    1.65   3245.  79269.    0.27   3681.   0.045   0.082   0.553
    34.0   6498.    1.26  49091.    26.2    90.3    2.50    1.66   3252.  79089.    0.27   3682.   0.044   0.081   0.543
    36.0   6862.    1.29  48976.    26.5    90.3    2.50    1.73   3388.  78906.    0.27   3731.   0.043   0.081   0.531
    38.0   7255.    1.33  48963.    26.9    90.3    2.50    1.76   3414.  78721.    0.28   3737.   0.042   0.081   0.516
 TIME    BALT    VMACH   PDYNMC  THTVGX  PSIVGX  ALPHAX  THRTL   THRUSTX FMASSR  CA      SPI     CL      CD      CLOVERCD
    40.0   7670.    1.37  48932.    27.1    90.3    2.50    1.80   3459.  78533.    0.28   3748.   0.040   0.080   0.501
    42.0   8093.    1.41  48926.    27.3    90.3    2.50    1.83   3480.  78344.    0.28   3750.   0.038   0.079   0.483
    44.0   8518.    1.46  48924.    27.3    90.4    2.50    1.85   3496.  78155.    0.29   3748.   0.037   0.079   0.465
    46.0   8947.    1.50  48924.    27.3    90.4    2.50    1.88   3510.  77964.    0.29   3744.   0.035   0.078   0.446
    48.0   9380.    1.55  48922.    27.2    90.4    2.50    1.88   3520.  77772.    0.31   3709.   0.034   0.077   0.442
    50.0   9817.    1.60  48920.    27.1    90.4    2.50    1.88   3530.  77577.    0.32   3671.   0.033   0.076   0.438
    52.0  10258.    1.66  48921.    26.8    90.4    2.40    1.88   3538.  77380.    0.33   3636.   0.030   0.075   0.396
    54.0  10704.    1.72  48920.    26.5    90.4    2.40    1.88   3546.  77180.    0.34   3596.   0.029   0.074   0.391
    56.0  11155.    1.78  48832.    26.1    90.5    2.40    1.93   3687.  76977.    0.36   3599.   0.028   0.073   0.385
    58.0  11612.    1.84  48766.    25.8    90.5    2.40    1.98   3808.  76764.    0.37   3599.   0.027   0.072   0.380
    60.0  12074.    1.91  48772.    25.4    90.5    2.40    2.00   3826.  76547.    0.39   3563.   0.026   0.071   0.373
 TIME    BALT    VMACH   PDYNMC  THTVGX  PSIVGX  ALPHAX  THRTL   THRUSTX FMASSR  CA      SPI     CL      CD      CLOVERCD
    62.0  12551.    1.98  48646.    25.0    90.5    2.40    2.00   3787.  76327.    0.41   3514.   0.025   0.069   0.367
    64.0  13051.    2.05  48324.    24.5    90.5    2.40    2.00   3827.  76107.    0.43   3518.   0.024   0.068   0.359
    66.0  13560.    2.13  48144.    24.0    90.5    2.40    2.00   3918.  75883.    0.45   3547.   0.023   0.066   0.351
    68.0  14076.    2.22  48132.    23.5    90.6    2.40    2.00   4030.  75656.    0.48   3578.   0.022   0.065   0.341
    70.0  14601.    2.32  48295.    23.0    90.6    2.40    2.00   4162.  75423.    0.51   3613.   0.021   0.063   0.330
    72.0  15137.    2.43  48628.    22.5    90.6    2.40    2.00   4317.  75185.    0.55   3651.   0.019   0.061   0.317
    74.0  15684.    2.54  48722.    21.9    90.6    2.40    1.92   4183.  74949.    0.58   3618.   0.018   0.059   0.303
    76.0  16241.    2.65  48716.    21.3    90.6    2.40    1.90   4245.  74713.    0.62   3643.   0.016   0.057   0.287
    78.0  16810.    2.77  48709.    20.7    90.6    2.40    1.89   4309.  74474.    0.66   3671.   0.015   0.055   0.268
    80.0  17392.    2.90  48697.    20.1    90.7    2.40    1.88   4399.  74233.    0.70   3708.   0.013   0.052   0.247
    82.0  17987.    3.04  48687.    19.4    90.7    2.40    1.88   4502.  73990.    0.74   3736.   0.011   0.050   0.227
 TIME    BALT    VMACH   PDYNMC  THTVGX  PSIVGX  ALPHAX  THRTL   THRUSTX FMASSR  CA      SPI     CL      CD      CLOVERCD
    84.0  18597.    3.19  48670.    18.8    90.7    2.40    1.93   4673.  73740.    0.79   3741.   0.011   0.049   0.220
    86.0  19222.    3.35  48654.    18.2    90.7    2.40    1.97   4850.  73481.    0.84   3746.   0.010   0.048   0.211
    88.0  19871.    3.52  48542.    17.6    90.7    2.40    2.00   4943.  73213.    0.89   3730.   0.010   0.048   0.202
    90.0  20532.    3.70  48178.    17.0    90.8    2.40    2.00   4904.  72942.    0.95   3689.   0.009   0.047   0.192
    90.0  20532.    3.70  48178.    17.0    90.8    2.40    2.00   4904.  72942.    0.95   3689.   0.009   0.047   0.192
 FLT TIME =   90.0     CRIT VAR =   0.00     RUN   1 OF   0 RUNS  IN  GROUP  1

Press any key to continue



