C**********************************************************************
C*********************** FALCON5 AERODYNAMICS *************************
C**********************************************************************
C*** * 
C*** * * Trimmed aerodynamic tables of a generic Falcon aircraft
C*** *   Ref AREA= 27.87 m^2
C*** * * Alpha (deg) 0 1 2 3 5 7 9 13 17 21 (10 columns across)
C*** * * Mach 0.5  0.6  0.7  0.8  0.85  0.9 (6 rows down)
C*** * * Mean Aerdynamic Chord 0.3  0.35  0.4 (3 block of lift and drag)
C*** * * Note: Power on/off drag adjustments are made by the thrust
C*** *   calculations, See Module A2. 
C*** *
C*** * MODIFICATION HISTORY
C*** * 000214 Created by Peter Zipfel
C*** *
C*** ******************************************************************
C
C*** TRIMMED LIFT COEFFICIENT TABLE. ALPHA ACROSS, MACH DOWN
C
C
C*** CG AT STATION .30MAC
C
      0.025,0.089,0.155,0.222,0.367,0.507,0.623,0.849,1.091,1.281,
      0.019,0.085,0.155,0.224,0.365,0.509,0.626,0.837,1.070,1.264,
      0.012,0.085,0.157,0.229,0.371,0.510,0.633,0.796,1.024,1.240,
      0.004,0.085,0.161,0.339,0.394,0.544,0.656,0.822,1.027,1.224,
     -0.009,0.079,0.167,0.255,0.420,0.557,0.665,0.843,1.017,1.206,
     -0.021,0.076,0.173,0.274,0.442,0.566,0.668,0.846,0.999,1.189
C
C*** CG AT STATION .35MAC     
C
      0.027,0.095,0.164,0.237,0.390,0.534,0.652,0.893,1.157,1.345,
      0.020,0.091,0.165,0.239,0.386,0.538,0.653,0.878,1.136,1.323,
      0.013,0.090,0.166,0.241,0.390,0.537,0.654,0.834,1.093,1.299,
      0.004,0.089,0.170,0.251,0.414,0.567,0.676,0.858,1.085,1.281,
     -0.008,0.084,0.176,0.268,0.438,0.580,0.685,0.877,1.075,1.268,
     -0.021,0.081,0.183,0.288,0.457,0.586,0.689,0.881,1.058,1.261
C
C*** CG AT STATION .40MAC
C
      0.029,0.100,0.174,0.251,0.415,0.561,0.683,0.935,1.221,1.403,
      0.022,0.097,0.175,0.253,0.411,0.565,0.682,0.920,1.201,1.385,
      0.014,0.095,0.175,0.254,0.409,0.563,0.675,0.878,1.167,1.364,
      0.005,0.093,0.178,0.263,0.433,0.588,0.695,0.895,1.153,1.348,
     -0.006,0.089,0.184,0.282,0.455,0.601,0.702,0.909,1.139,1.341,
     -0.022,0.085,0.192,0.302,0.473,0.606,0.709,0.909,1.123,1.338
C               
C*** TRIMMED DRAG COEFFICIENT TABLE. ALPHA ACROSS, MACH DOWN
CC
C*** CG AT STATION .30MAC                                 
C
      .0181,.0184,.0199,.0223,.0318,.0476,.0665,.1399,.2326,.3782,
      .0180,.0183,.0205,.0230,.0328,.0486,.0693,.1427,.2422,.3811,
      .0186,.0187,.0205,.0235,.0339,.0507,.0780,.1417,.2457,.3779,
      .0193,.0196,.0211,.0245,.0368,.0600,.0935,.1669,.2691,.3866,
      .0200,.0201,.0224,.0266,.0416,.0661,.1015,.1850,.2876,.3993,
      .0218,.0215,.0241,.0295,.0481,.0758,.1139,.1988,.3011,.4184
C
C*** CG AT STATION .35MAC
C
      .0180,.0182,.0196,.0222,.0324,.0491,.0703,.1448,.2561,.4127,
      .0180,.0181,.0201,.0229,.0331,.0502,.0731,.1473,.2620,.4089,
      .0186,.0186,.0203,.0234,.0342,.0518,.0801,.1466,.2622,.4018,
      .0193,.0195,.0209,.0245,.0375,.0604,.0944,.1711,.2832,.4087,
      .0199,.0199,.0219,.0263,.0412,.0660,.1005,.1871,.2959,.4162,
      .0218,.0212,.0235,.0290,.0473,.0742,.1125,.1973,.3064,.4341
C
C*** CG AT STATION .40MAC
C
      .0179,.0181,.0195,.0226,.0342,.0514,.0753,.1536,.2815,.4541,
      .0179,.0180,.0200,.0231,.0344,.0526,.0777,.1553,.2814,.4524,
      .0185,.0185,.0202,.0237,.0352,.0540,.0826,.1546,.2835,.4426,
      .0193,.0194,.0208,.0247,.0386,.0618,.0959,.1819,.3060,.4439,
      .0198,.0197,.0217,.0262,.0413,.0679,.1021,.1952,.3126,.4486,
      .0218,.0210,.0232,.0288,.0474,.0766,.1151,.1992,.3162,.4623
